hand_eye_calibration:
  timestamp: 1762168934
  method: Tsai-Lenz
  samples_used: 20
  result_frame_id: endo_aurora
  target_frame_id: endo_optical
  success: true
  transformation_matrix:
    rows: 4
    cols: 4
    data: [0.6579751282415871, 0.12372281488140213, -0.74280643218357312, -0.020874630686506974, -0.41414960625927777, 0.88328853150843289, -0.21973045701713997, 0.0024007513867518406, 0.62892673202110927, 0.45221016705012096, 0.63242163986200661, -0.016755713670331886, 0, 0, 0, 1]
  translation:
    x: -0.020874630686506974
    y: 0.0024007513867518406
    z: -0.016755713670331886
  rotation:
    x: 0.18859013552619053
    y: -0.38499732577150436
    z: -0.15096189925937148
    w: 0.89074200804891124
  quality:
    average_error: 0.1737162867422814
    min_error: 0.018002898958754399
    max_error: 0.47220788982443057
    total_samples_collected: 22169
    successful_detections: 589
    detection_rate_percent: 2.6568631873336641