hand_eye_calibration:
  timestamp: 1762192028
  method: Tsai-Lenz
  samples_used: 20
  result_frame_id: endo_aurora
  target_frame_id: endo_optical
  success: true
  transformation_matrix:
    rows: 4
    cols: 4
    data: [0.68161925203657803, 0.29964545824362449, -0.66753860907595763, -0.021858003247816175, -0.4708129170696625, 0.8779684612204226, -0.086640511440078283, 0.020591521051765371, 0.56011640966271548, 0.37334164039952944, 0.7395171581311264, -0.0083960370306922077, 0, 0, 0, 1]
  translation:
    x: -0.021858003247816175
    y: 0.020591521051765371
    z: -0.0083960370306922077
  rotation:
    x: 0.12662309493633953
    y: -0.33794676024956888
    z: -0.21209045527446882
    w: 0.9081719098535429
  quality:
    average_error: 0.22419973785100844
    min_error: 0.025616530869566435
    max_error: 0.5163782197308574
    total_samples_collected: 37468
    successful_detections: 1177
    detection_rate_percent: 3.1413472830148392